[[5000.0, 24, 0.67, 40, 5000, 450, 25, 3, 150, 20, 0, 120, 15000, 1350, 75, None, 1, 'TEST-01'],
[2000.0, 20, 0.75, 30, 3000, 250, 15, 2, 80, 10, 0, 120, 12000, 1000, 45, None, 1, 'TEST-02'],
[300.0, 20, 0.75, 50, 8000, 20, 2, 5, 200, 1, 0, 200, 32000, 80, 8, None, 2, 'TEST-03'],
[10000.0, 22, 0.6, 50, 2000, 40, 5, 2, 50, 2, 0, 125, 5000, 100, 12, None, 2, 'TEST-04'],
[4000.0, 20, 0.7, 100, 3000, 100, 1, 4, 80, 4, 0, 333, 10000, 333, 12, None, 2, 'TEST-05'],
[1000.0, 20, 0.85, 45, 2200, 50, 20, 4, 150, 1, 0, 300, 14666, 330, 100, None, 3, 'TEST-06'],
[100.0, 20, 0.9, 20, 3000, 100, 10, 5, 150, 40, 0, 200, 30000, 1000, 50, None, 3, 'TEST-07'],
[2000.0, 20, 0.875, 50, 3000, 300, 15, 4, 200, 50, 0, 400, 24000, 2800, 140, None, 3, 'TEST-08'],
[20000.0, 20, 0.875, 20, 2000, 20, 2, 1, 50, 5, 0, 160, 16000, 160, 5, None, 4, 'TEST-09'],
[500.0, 22, 0.9, 150, 1700, 100, 5, 5, 50, 3, 0, 1500, 17000, 1000, 30, None, 4, 'TEST-10']]

注：列表中每组数据分别为：日处理量，处理时间，回收率，进水COD，进水电导率，进水硬度，进水悬浮物，产水COD，产水电导率，产水硬度，产水悬浮物，浓水COD，浓水电导率，浓水硬度，浓水悬浮物，设备投资，工艺代码，样本代码
